DY
189
21
attr1;attr2;attr3;attr4;attr5;attr6;attr7;attr8;attr9;attr10;attr11;attr12;attr13;attr14;attr15;attr16;attr17;attr18;attr19;attr20;attr21
Norway;82.4;18.1;12.9;66494;0.931;2.3;0.908;12.6;0.858;0.99;58548;2;5.1;40.8;60.4;5.4;82.6;0.3;3.5;0.9;39.8;1
Ireland;82.3;18.7;12.7;68371;0.926;3.3;0.892;15;0.838;0.981;55540;5;7.5;24.3;56;4.9;63.4;0.3;3.2;0.7;38.2;1
Switzerland;83.8;16.3;13.4;69394;0.947;1.8;0.883;14.9;0.841;0.968;57840;5;2.8;38.6;62.9;8.6;73.8;0.4;5.7;1.6;43.1;1
HongKongChinaSAR;84.9;16.9;12.3;62985;0.973;9.8;0.793;25.6;0.724;0.972;45961;0;2.7;0;54;7.4;100;0.3;5.2;1.3;44.8;1
Iceland;83;19.1;12.8;54682;0.946;2.8;0.9;11.7;0.841;0.969;46413;4;6.3;38.1;70.8;0.3;93.9;0;0.2;0.1;37.5;1
Germany;81.3;17;14.2;55314;0.908;2.3;0.922;17.7;0.786;0.972;45277;7;8.1;31.6;55.3;83.5;77.4;4;54;18;45.7;1
Sweden;82.8;19.5;12.5;54508;0.938;3.7;0.884;13;0.828;0.983;47709;4;5.1;47.3;61.4;10;87.7;0.6;6.2;2;41.1;1
Australia;83.4;22;12.7;48085;0.94;2.7;0.899;17.3;0.771;0.976;39287;6;11.7;36.6;60.3;25.2;86.1;1.7;16.3;4;37.9;1
Netherlands;82.3;18.5;12.4;57707;0.928;5.4;0.865;12.2;0.843;0.966;46815;5;3.8;33.8;58.3;17.1;91.9;0.9;11;3.4;43.3;1
Denmark;80.9;18.9;12.6;58662;0.903;2.9;0.894;11.4;0.853;0.983;49296;4;4.1;39.1;58.2;5.8;88;0.3;3.7;1.2;42.3;1
Finland;81.9;19.4;12.8;48511;0.924;2.2;0.907;10.6;0.835;0.99;40759;3;5.8;47;55.5;5.5;85.4;0.3;3.4;1.2;43.1;1
Singapore;83.6;16.4;11.6;88155;0.954;11;0.751;25;0.75;0.985;71387;8;3.5;23;62;5.8;100;0.2;4.4;0.7;42.2;1
UnitedKingdom;81.3;17.5;13.2;46071;0.905;2.7;0.902;17;0.769;0.97;33323;7;13.4;28.9;57.6;67.5;83.7;4;43.1;12.5;40.5;1
Belgium;81.6;19.8;12.1;52085;0.914;8.2;0.828;11.4;0.837;0.974;41948;5;4.7;43.3;48.6;11.5;98;0.6;7.4;2.2;41.9;1
NewZealand;82.3;18.8;12.8;40799;0.917;1.8;0.909;16.4;0.759;0.964;31233;9;19.3;40.8;64.8;4.8;86.6;0.3;3.1;0.8;38;1
Canada;82.4;16.2;13.4;48527;0.916;2.7;0.87;18.1;0.766;0.986;39459;10;8.4;33.2;60.8;37.4;81.5;2;24.9;6.6;41.1;1
UnitedStates;78.9;16.3;13.4;63826;0.848;2.8;0.875;27.1;0.711;0.994;50590;19;19.9;23.7;56.1;329.1;82.5;19.6;214.7;53.3;38.3;1
Austria;81.5;16.1;12.5;56197;0.912;2.9;0.84;14.1;0.821;0.964;39386;5;7.3;38.5;55.1;9;58.5;0.4;6;1.7;43.5;1
Israel;83;16.2;13;40187;0.937;5.7;0.833;23.7;0.691;0.973;29665;3;9.6;23.3;59.7;8.5;92.5;0.8;5.1;1;30.5;1
Japan;84.6;15.2;12.9;42932;0.965;4.7;0.812;16.7;0.763;0.978;30584;5;3.8;14.5;52.7;126.9;91.7;4.9;75.4;35.5;48.4;1
Liechtenstein;80.7;14.9;12.5;131032;0;0;0;0;0;0;0;0;0;12;0;0;14.4;0;0;0;0;1
Slovenia;81.3;17.6;12.7;38080;0.916;2.1;0.891;8.7;0.82;1.001;33885;7;3.8;22.3;53.4;2.1;54.8;0.1;1.3;0.4;44.5;1
KoreaRepublicof;83;16.5;12.2;43044;0.941;8.8;0.789;20.2;0.731;0.936;27734;11;1.4;16.7;52.9;51.2;81.4;2;37;7.7;43.7;1
Luxembourg;82.3;14.3;12.3;72712;0.925;6.3;0.756;19;0.806;0.976;58642;5;4.7;25;54.9;0.6;91.2;0;0.4;0.1;39.7;1
Spain;83.6;17.6;10.3;40975;0.949;16.9;0.691;19.5;0.732;0.986;32881;4;7.7;41.9;51.9;46.7;80.6;2;30.7;9.2;44.9;1
France;82.7;15.6;11.5;47173;0.927;9.5;0.74;13.5;0.804;0.987;39478;8;4.7;36.9;50.8;65.1;80.7;3.7;40.3;13.3;42.3;1
Czechia;79.4;16.8;12.7;38109;0.886;1.4;0.878;8.9;0.818;0.985;29480;3;12;20.6;52.9;10.7;73.9;0.6;6.9;2.1;43.2;1
Malta;82.5;16.1;11.3;39555;0.918;6.2;0.774;13;0.786;0.966;29368;6;12.9;14.9;46;0.4;94.7;0;0.3;0.1;42.6;1
Estonia;78.8;16;13.1;36019;0.871;2.3;0.862;14.8;0.758;1.017;27086;9;7.7;29.7;57.1;1.3;69.1;0.1;0.8;0.3;42.4;1
Italy;83.5;16.1;10.4;42776;0.947;10.6;0.709;21.8;0.716;0.968;31639;2;5.2;35.3;40.8;60.6;70.7;2.4;38.6;13.9;47.3;1
UnitedArabEmirates;78;14.3;12.1;67462;0.845;18.2;0.656;0;0;0.931;28578;3;6.5;50;52.4;9.8;86.8;0.5;8.2;0.1;32.6;1
Greece;82.2;17.9;10.6;30155;0.924;11.1;0.755;17.8;0.709;0.963;24062;3;7.2;20.7;44.2;10.5;79.4;0.4;6.7;2.3;45.6;1
Cyprus;81;15.2;12.2;38207;0.904;10.5;0.74;13.2;0.779;0.979;31881;6;4.6;17.9;57.8;1.2;66.8;0.1;0.8;0.2;37.3;1
Lithuania;75.9;16.6;13.1;35799;0.813;3.9;0.863;20.6;0.706;1.03;30987;8;10.9;21.3;56.5;2.8;67.9;0.1;1.8;0.6;45.1;1
Poland;78.7;16.3;12.5;31623;0.865;4.9;0.826;13.5;0.752;1.007;24827;2;10.5;27.9;48.6;37.9;60;1.9;25.3;6.9;41.7;1
Andorra;81.9;13.3;10.5;56000;0;10;0.648;0;0;0;0;0;0;46.4;0;0.1;88;0;0;0;0;1
Latvia;75.3;16.2;13;30282;0.805;2.5;0.861;19.6;0.694;1.036;25758;19;16.2;30;55.7;1.9;68.2;0.1;1.2;0.4;43.9;1
Portugal;82.1;16.5;9.3;33967;0.921;15;0.653;16.9;0.731;0.988;28937;8;8.4;38.7;54.2;10.2;65.8;0.4;6.6;2.3;46.2;1
Slovakia;77.5;14.5;12.7;32113;0.841;1.6;0.813;11.7;0.77;0.992;24618;5;25.7;20;52.2;5.5;53.7;0.3;3.7;0.9;41.2;1
Hungary;76.9;15.2;12;31329;0.838;3.1;0.796;14.5;0.743;0.981;23170;12;24;12.6;48.5;9.7;71.6;0.5;6.4;1.9;43.3;1
SaudiArabia;75.1;16.1;10.2;47495;0.794;18;0.647;0;0;0.896;16512;17;7.3;19.9;22.1;34.3;84.1;3;24.6;1.2;31.8;1
Bahrain;77.3;16.3;9.5;42522;0.833;22.7;0.594;0;0;0.922;19059;14;13.4;18.8;45;1.6;89.4;0.1;1.3;0;32.5;1
Chile;80.2;16.4;10.6;23261;0.868;10.4;0.726;31.1;0.567;0.963;16398;13;41.1;22.7;51.8;19;87.6;1.2;13;2.3;35.3;1
Croatia;78.5;15.2;11.4;28070;0.861;4.7;0.767;14.7;0.727;0.99;23775;8;8.7;20.5;45.4;4.1;57.2;0.2;2.7;0.9;44.3;1
Qatar;80.2;12;9.7;92418;0.874;11.8;0.581;0;0;1.03;45338;9;9.9;9.8;56.8;2.8;99.2;0.1;2.4;0;32.3;1
Argentina;76.7;17.7;10.9;21190;0.797;6;0.804;25.2;0.606;0.993;14872;39;62.8;39.9;50.7;44.8;92;3.7;28.7;5;31.5;1
BruneiDarussalam;75.9;14.3;9.1;63965;0.794;0;0;0;0;0.981;54386;31;10.3;9.1;57.8;0.4;77.9;0;0.3;0;32.3;1
Montenegro;76.9;15;11.6;21399;0.844;7.8;0.74;16.9;0.673;0.966;17518;6;9.3;28.4;46.5;0.6;67.2;0;0.4;0.1;38.8;1
Romania;76.1;14.3;11.1;29497;0.808;5.3;0.724;22.7;0.664;0.991;24433;19;36.2;19.6;45.3;19.4;54.1;0.9;12.7;3.6;43.2;1
Palau;73.9;15.8;12.5;19317;0;1.9;0.839;0;0;0;0;0;0;13.8;0;0;80.5;0;0;0;0;1
Kazakhstan;73.6;15.6;11.9;22857;0.761;3.2;0.804;10.3;0.736;0.98;16791;10;29.8;22.1;62.7;18.6;57.5;1.9;11.8;1.4;30.7;1
RussianFederation;72.6;15;12.2;26157;0.751;4.2;0.789;18.8;0.683;1.007;19694;17;20.7;16.5;54.8;145.9;74.6;9.4;97.4;22;39.6;1
Belarus;74.8;15.4;12.3;18546;0.806;3.7;0.807;10.8;0.704;1.007;14911;2;14.5;34.9;57.7;9.5;79;0.6;6.4;1.4;40.3;1
Turkey;77.7;16.6;8.1;27701;0.808;16.5;0.611;24.1;0.645;0.924;17854;17;26.6;17.4;34;83.4;75.6;6.7;55.9;7.3;31.5;1
Uruguay;77.9;16.8;8.9;20064;0.821;6.5;0.715;23.4;0.614;1.016;15445;17;58.7;20.9;55.6;3.5;95.4;0.2;2.2;0.5;35.8;1
Bulgaria;75.1;14.4;11.4;23325;0.795;6.1;0.732;21.8;0.644;0.995;18453;10;39.9;25.8;49.2;7;75.3;0.3;4.5;1.5;44.6;1
Panama;78.5;12.9;10.2;29558;0.792;11.4;0.62;36.9;0.542;1.019;24050;52;81.8;21.1;53.4;4.2;68.1;0.4;2.8;0.4;29.7;1
Bahamas;73.9;12.9;11.4;33747;0.773;6.3;0.693;0;0;0;27560;70;30;21.8;68.1;0.4;83.1;0;0.3;0;32.3;1
Barbados;79.2;15.4;10.6;14936;0.831;5.5;0.739;33.6;0.502;1.008;12656;27;33.6;29.4;61.7;0.3;31.2;0;0.2;0;40.5;1
Oman;77.9;14.2;9.7;25944;0.831;11.9;0.633;20.1;0.671;0.936;7959;19;13.1;9.9;31;5;85.4;0.5;3.7;0.1;30.6;1
Georgia;73.8;15.3;13.1;14429;0.762;4.1;0.826;22.5;0.582;0.98;9475;25;46.4;14.8;57.4;4;59;0.3;2.6;0.6;38.3;1
CostaRica;80.3;15.7;8.7;18486;0.862;11.6;0.642;33.9;0.521;0.981;13476;27;53.5;45.6;48.1;5;80.1;0.4;3.5;0.5;33.5;1
Malaysia;76.2;13.7;10.4;27534;0.811;12.1;0.638;0;0;0.972;20825;29;13.4;15.5;50.7;31.9;76.6;2.6;22.2;2.2;30.3;1
Kuwait;75.5;14.2;7.3;58590;0.803;22.1;0.497;0;0;0.983;31698;12;8.2;4.6;49.7;4.2;100;0.3;3.2;0.1;36.8;1
Serbia;76;14.7;11.2;17192;0.819;7.5;0.724;24;0.591;0.977;13990;12;14.7;37.7;47.4;8.8;56.3;0.4;5.8;1.6;41.6;1
Mauritius;75;15.1;9.5;25266;0.766;13.2;0.639;18.2;0.684;0.976;15870;61;25.7;20;45.2;1.3;40.8;0.1;0.9;0.2;37.5;1
Seychelles;73.4;14.1;10;26903;0.743;6.7;0.678;29.3;0.598;0;0;53;62.1;21.2;0;0.1;57.1;0;0.1;0;34.2;2
TrinidadandTobago;73.5;13;11;26231;0.701;0;0;0;0;1.003;20482;67;30.1;32.9;50.1;1.4;53.2;0.1;1;0.2;36.2;2
Albania;78.6;14.7;10.1;13998;0.836;12.3;0.655;13.2;0.648;0.967;11004;15;19.6;29.5;46.7;2.9;61.2;0.2;2;0.4;36.4;2
Cuba;78.8;14.3;11.8;8621;0.858;7.8;0.728;0;0;0.944;5714;36;51.6;53.2;40.7;11.3;77.1;0.6;7.8;1.8;42.2;2
IranIslamicRepublicof;76.7;14.8;10.3;12447;0.792;5;0.719;19.7;0.585;0.866;4084;16;40.6;5.9;17.5;82.9;75.4;7.6;57.2;5.3;32;2
SriLanka;77;14.1;10.6;12707;0.815;12;0.657;22.4;0.568;0.955;7433;36;20.9;5.3;35.4;21.3;18.6;1.7;13.9;2.3;34;2
BosniaandHerzegovina;77.4;13.8;9.8;14872;0.835;17;0.59;20.2;0.603;0.937;10567;10;9.6;21.1;35.4;3.3;48.6;0.1;2.2;0.6;43.1;2
Grenada;72.4;16.9;9;15641;0.716;0;0;0;0;0;0;25;29.2;39.3;0;0.1;36.4;0;0.1;0;32;2
Mexico;75.1;14.8;8.8;19160;0.758;18.4;0.574;33.4;0.529;0.96;12765;33;60.4;48.4;44.2;127.6;80.4;11;84.7;9.5;29.2;2
SaintKittsandNevis;74.8;13.8;8.7;25038;0;0;0;0;0;0;0;0;0;13.3;0;0.1;30.8;0;0;0;0;2
Ukraine;72.1;15.1;11.4;13216;0.742;3.6;0.77;8.5;0.675;1;10088;19;23.7;20.5;46.7;44;69.5;2.2;29.6;7.3;41.2;2
AntiguaandBarbuda;77;12.8;9.3;20895;0.826;0;0;0;0;0;0;42;42.8;31.4;0;0.1;24.5;0;0.1;0;34;2
Peru;76.7;15;9.7;12252;0.779;17;0.614;28.6;0.519;0.957;9889;88;56.9;30;70.3;32.5;78.1;2.8;21.6;2.7;31;2
Thailand;77.2;15;7.9;17781;0.81;18.3;0.557;23.8;0.596;1.008;15924;37;44.9;14.1;59.2;69.6;50.7;3.6;49.3;8.6;40.1;2
Armenia;75.1;13.1;11.3;13894;0.774;2.9;0.718;17.4;0.616;0.982;9737;26;21.5;23.5;47.1;3;63.2;0.2;2;0.3;35.4;2
NorthMacedonia;75.8;13.6;9.8;15865;0.791;8.4;0.646;19.2;0.619;0.952;11698;7;15.7;39.2;43;2.1;58.2;0.1;1.4;0.3;39.1;2
Colombia;77.3;14.4;8.5;14257;0.787;18.6;0.555;35.5;0.483;0.989;11594;83;66.7;19.6;57.3;50.3;81.1;3.7;34.5;4.4;31.3;2
Brazil;75.9;15.4;8;14263;0.766;21.2;0.547;41;0.442;0.993;10535;60;59.1;15;54.2;211;86.8;14.6;147.2;19.5;33.5;2
China;76.9;14;8.1;16057;0.806;11.7;0.58;27.4;0.557;0.957;12633;29;7.6;24.9;60.5;1433.80;60.3;85;1014;164.5;38.4;2
Ecuador;77;14.6;8.9;11044;0.776;13.9;0.605;29.9;0.498;0.967;7874;59;79.3;38;55.2;17.4;64;1.7;11.3;1.3;27.9;2
SaintLucia;76.2;14;8.5;14616;0.773;12.6;0.588;27.4;0.547;0.985;11476;117;40.5;20.7;59.5;0.2;18.8;0;0.1;0;34.5;2
Azerbaijan;73;12.9;10.6;13784;0.702;5.3;0.673;8.9;0.678;0.943;8919;26;55.8;16.8;63.4;10;56;0.8;7;0.6;32.3;2
DominicanRepublic;74.1;14.2;8.1;17591;0.691;15.8;0.56;30.4;0.544;0.999;12449;95;94.3;24.3;51.4;10.7;81.8;1;7;0.8;28;2
MoldovaRepublicof;71.9;11.5;11.7;13664;0.722;7.3;0.659;14;0.639;1.014;11994;19;22.4;25.7;40.5;4;42.7;0.2;2.9;0.5;37.6;2
Algeria;76.9;14.6;8;11174;0.752;33.7;0.445;11.4;0.631;0.858;3296;112;10.1;21.5;14.6;43.1;73.2;5;27.1;2.8;28.5;2
Lebanon;78.9;11.3;8.7;14655;0.84;6.2;0.567;0;0;0.892;6078;29;14.5;4.7;22.9;6.9;88.8;0.6;4.6;0.5;29.6;2
Fiji;67.4;14.4;10.9;13009;0.621;0;0;0;0;0;8317;34;49.4;19.6;38.5;0.9;56.8;0.1;0.6;0.1;27.9;2
Dominica;78.2;13;8.1;11884;0;0;0;0;0;0;0;0;0;25;0;0.1;70.8;0;0;0;0;2
Maldives;78.9;12.2;7;17417;0.852;29.3;0.405;25.8;0.578;0.923;7908;53;7.8;4.6;41.6;0.5;40.2;0;0.4;0;29.9;2
Tunisia;76.7;15.1;7.2;10414;0.794;30.7;0.458;16.9;0.583;0.9;4587;43;7.8;22.6;23.8;11.7;69.3;1;7.9;1;32.8;2
SaintVincentandtheGrenadines;72.5;14.1;8.8;12378;0.717;0;0;0;0;0.965;8880;68;49;13;54.4;0.1;52.6;0;0.1;0;32.9;2
Suriname;71.7;13.2;9.3;14324;0.693;18.4;0.551;46.7;0.4;0.985;9504;120;61.7;31.4;38.8;0.6;66.1;0.1;0.4;0;29;2
Mongolia;69.9;14.2;10.3;10839;0.667;11.9;0.649;16.9;0.588;1.023;8756;45;31;17.3;53.3;3.2;68.5;0.4;2.1;0.1;28.2;2
Botswana;69.6;12.8;9.6;16437;0.615;23.3;0.518;0;0;0.998;15276;144;46.1;10.8;65.4;2.3;70.2;0.3;1.4;0.1;24;2
Jamaica;74.5;13.1;9.7;9319;0.754;5.6;0.651;32;0.466;0.994;7501;80;52.8;19;59.8;2.9;56;0.2;2;0.3;30.7;2
Jordan;74.5;11.4;10.5;9858;0.75;15.4;0.564;17.9;0.569;0.875;3324;46;25.9;15.4;14.4;10.1;91.2;1.1;6.3;0.4;23.8;2
Paraguay;74.3;12.7;8.5;12224;0.719;16.7;0.531;37.8;0.452;0.966;8855;84;70.5;16.8;59.2;7;61.9;0.7;4.5;0.5;26.3;2
Tonga;70.9;14.4;11.2;6365;0.702;4.5;0.74;0;0;0.95;4311;52;14.7;7.4;45.7;0.1;23.1;0;0.1;0;22.4;2
Libya;72.9;12.9;7.6;15688;0.74;0;0;0;0;0.976;9249;72;5.8;16;33.9;6.8;80.4;0.6;4.6;0.3;28.8;2
Uzbekistan;71.7;12.1;11.8;7142;0.685;0.7;0.723;0;0;0.939;5064;29;23.8;16.4;52.4;33;50.4;3.4;22;1.5;27.8;2
BoliviaPlurinationalStateof;71.5;14.2;9;8554;0.614;17.6;0.573;31.2;0.463;0.945;6481;155;64.9;51.8;63.2;11.5;69.8;1.2;7.1;0.8;25.6;2
Indonesia;71.7;13.6;8.2;11459;0.685;16.2;0.545;23.1;0.551;0.94;7902;177;47.4;17.4;53.1;270.6;56;23.9;183.3;16.4;29.7;2
Philippines;71.2;13.1;9.4;9778;0.668;10.1;0.61;28.1;0.498;1.007;7843;121;54.2;28;46.1;108.1;47.1;10.8;69.4;5.7;25.7;2
Belize;74.6;13.1;9.9;6382;0.747;15.9;0.584;37.9;0.39;0.976;4896;36;68.5;11.1;49.9;0.4;45.9;0;0.3;0;25.5;2
Samoa;73.3;12.7;10.8;6309;0.738;4.9;0.678;0;0;0;4054;43;23.9;10;31.1;0.2;18.1;0;0.1;0;21.8;2
Turkmenistan;68.2;11.2;10.3;14909;0.568;2.9;0.634;26.2;0.558;0;10493;7;24.4;25;51.4;5.9;52;0.7;3.8;0.3;26.9;2
VenezuelaBolivarianRepublicof;72.1;12.8;10.3;7045;0.664;8.8;0.638;25.2;0.481;1.009;5173;125;85.3;22.2;45.4;28.5;88.2;2.4;18.5;2.2;29.6;2
SouthAfrica;64.1;13.8;10.2;12129;0.549;17.3;0.599;57;0.312;0.986;9248;119;67.9;45.3;49.6;58.6;66.9;5.8;38.4;3.2;27.6;2
PalestineStateof;74.1;13.4;9.2;6417;0.732;11.6;0.599;16.6;0.524;0.87;2045;27;52.8;0;17.7;5;76.4;0.7;2.9;0.2;20.8;2
Egypt;72;13.3;7.4;11466;0.707;38.1;0.383;36.5;0.455;0.882;4753;37;53.8;14.9;21.9;100.4;42.7;12.8;61.1;5.3;24.6;2
MarshallIslands;74.1;12.4;10.9;5039;0;4.3;0.677;0;0;0;0;0;0;6.1;0;0.1;77.4;0;0;0;0;2
VietNam;75.4;12.7;8.3;7433;0.742;17.6;0.519;19.1;0.526;0.997;6644;43;30.9;26.7;72.7;96.5;36.6;7.9;66.8;7.3;32.5;2
Gabon;66.5;13;8.7;13930;0.552;23.5;0.498;21.2;0.588;0.916;9925;252;96.2;17.9;43.5;2.2;89.7;0.3;1.3;0.1;22.5;2
Kyrgyzstan;71.5;13;11.1;4864;0.702;3.4;0.706;13.8;0.506;0.957;2971;60;32.8;19.2;44.8;6.4;36.6;0.8;4;0.3;26;3
Morocco;76.7;13.7;5.6;7368;0.759;0;0;0;0;0.835;2975;70;31;18.4;21.5;36.5;63;3.4;24;2.7;29.5;3
Guyana;69.9;11.4;8.5;9455;0.622;10.7;0.536;25.1;0.515;0.961;5359;169;74.4;31.9;43.9;0.8;26.7;0.1;0.5;0.1;26.7;3
Iraq;70.6;11.3;7.3;10801;0.655;29.7;0.392;12.7;0.618;0.774;2427;79;71.7;25.2;11.6;39.3;70.7;5.4;23;1.3;21;3
ElSalvador;73.3;11.7;6.9;8359;0.718;29.1;0.393;21.8;0.523;0.975;6471;46;69.5;31;45.3;6.5;72.7;0.6;4.2;0.5;27.6;3
Tajikistan;71.1;11.7;10.7;3954;0.655;6;0.641;14.5;0.475;0.823;1440;17;57.1;20;31.3;9.3;27.3;1.3;5.6;0.3;22.4;3
CaboVerde;73;12.7;6.3;7019;0.716;23.7;0.429;0;0;0.974;5453;58;73.8;23.6;53.3;0.5;66.2;0.1;0.4;0;27.6;3
Guatemala;74.3;10.8;6.6;8494;0.713;30.8;0.359;35.4;0.433;0.941;5451;95;70.9;19.4;39.9;17.6;51.4;2.1;10.8;0.9;22.9;3
Nicaragua;74.5;12.3;6.9;5284;0.728;25.7;0.425;30.7;0.415;1.012;4656;98;85;44.6;49.7;6.5;58.8;0.7;4.2;0.4;26.5;3
Bhutan;71.8;13;4.1;10746;0.66;41.7;0.289;20;0.565;0.921;8117;183;20.2;15.3;58.9;0.8;41.6;0.1;0.5;0;28.1;3
Namibia;63.7;12.6;7;9357;0.524;25;0.438;53.6;0.318;1.007;8482;195;63.6;37;56.1;2.5;51;0.3;1.5;0.1;21.8;3
India;69.7;12.2;6.5;6681;0.613;38.7;0.34;18.8;0.515;0.82;2331;133;13.2;13.5;20.5;1366.40;34.5;116.8;915.6;87.1;28.4;3
Honduras;75.3;10.1;6.6;5308;0.737;23.3;0.382;37.8;0.373;0.978;4173;65;72.9;21.1;52;9.7;57.7;1;6.2;0.5;24.3;3
Bangladesh;72.6;11.6;6.2;4976;0.669;37.3;0.332;16.6;0.492;0.904;2873;173;83;20.6;36.3;163;37.4;14.4;110.2;8.4;27.6;3
Kiribati;68.4;11.8;8;4260;0.56;9.6;0.537;19.4;0.457;0;0;92;16.2;6.5;0;0.1;54.8;0;0.1;0;23;3
SaoTomeandPrincipe;70.4;12.7;6.4;3952;0.643;18.3;0.463;14.9;0.473;0.906;2462;130;94.6;14.5;41.4;0.2;73.6;0;0.1;0;18.6;3
MicronesiaFederatedStatesof;67.9;11.5;7.8;3983;0.618;0;0;26.4;0.41;0;0;88;13.9;0;0;0.1;22.8;0;0.1;0;24.4;3
LaoPeoplesDemocraticRepublic;67.9;11;5.3;7413;0.571;31.3;0.331;20.3;0.518;0.927;5801;185;65.4;27.5;76.7;7.2;35.6;0.8;4.6;0.3;24.4;3
EswatiniKingdomof;60.2;11.8;6.9;7919;0.463;24.1;0.423;37.9;0.41;0.996;7011;437;76.7;12.1;48.5;1.1;24;0.1;0.7;0;20.7;3
Ghana;64.1;11.5;7.3;5269;0.514;35.1;0.365;24.1;0.454;0.911;4073;308;66.6;13.1;63.6;30.4;56.7;4.1;18.1;0.9;21.5;3
Vanuatu;70.5;11.7;7.1;3105;0.665;0;0;19.7;0.417;0;2406;72;49.4;0;61;0.3;25.4;0;0.2;0;21.1;3
TimorLeste;69.5;12.6;4.8;4440;0.596;44.9;0.281;13.6;0.495;0.942;4486;142;33.8;38.5;61.9;1.3;30.9;0.2;0.8;0.1;20.8;3
Nepal;70.8;12.8;5;3457;0.645;40.9;0.308;16.3;0.448;0.933;2910;186;65.1;33.5;82.8;28.6;20.2;2.7;18.5;1.7;24.6;3
Kenya;66.7;11.3;6.6;4244;0.557;22.9;0.412;33.1;0.379;0.937;3666;342;75.1;23.3;72.1;52.6;27.5;7;30.7;1.3;20.1;3
Cambodia;69.8;11.5;5;4246;0.628;27.3;0.352;14.3;0.485;0.922;3697;160;50.2;19.3;76.3;16.5;23.8;1.8;10.6;0.8;25.6;3
EquatorialGuinea;58.7;9.7;5.9;13944;0.39;0;0;0;0;0;9949;301;155.6;19.2;54.8;1.4;72.6;0.2;0.8;0;22.3;3
Zambia;63.9;11.5;7.2;3326;0.496;20.4;0.443;44.8;0.292;0.958;3380;213;120.1;18;70.4;17.9;44.1;2.9;9.5;0.4;17.6;3
Myanmar;67.1;10.7;5;4961;0.56;26.9;0.339;0;0;0.954;3174;250;28.5;11.6;47.5;54;30.9;4.5;36.8;3.2;29;3
Angola;61.2;11.8;5.2;6104;0.43;34.3;0.328;28.9;0.442;0.903;5205;241;150.5;30;76.1;31.8;66.2;5.7;16.3;0.7;16.7;3
Congo;64.6;11.7;6.5;2879;0.529;20.9;0.429;31;0.35;0.929;2500;378;112.2;13.6;67.5;5.4;67.4;0.8;3;0.1;19.2;3
Zimbabwe;61.5;11;8.5;2666;0.484;14.6;0.501;28.8;0.353;0.931;2375;458;86.1;34.6;78.1;14.6;32.2;2.1;8;0.4;18.7;3
SolomonIslands;73;10.2;5.7;2253;0.717;0;0;19.4;0.379;0;1974;104;78;4.1;82.1;0.7;24.2;0.1;0.4;0;19.9;3
SyrianArabRepublic;72.7;8.9;5.1;3613;0.705;0;0;0;0;0.829;989;31;38.6;13.2;14.4;17.1;54.8;1.8;11;0.8;25.6;3
Cameroon;59.3;12.1;6.3;3581;0.402;31.7;0.373;35;0.351;0.864;2973;529;105.8;29.3;71.1;25.9;57;4.1;14.2;0.7;18.7;3
Pakistan;67.3;8.3;5.2;5005;0.51;43.5;0.227;17.2;0.489;0.745;1393;140;38.8;20;21.9;216.6;36.9;27.7;131.3;9.4;22.8;3
PapuaNewGuinea;64.5;10.2;4.7;4301;0.52;35.7;0.282;28.9;0.404;0;3767;145;52.7;0;46.3;8.8;13.2;1.1;5.4;0.3;22.4;3
Comoros;64.3;11.2;5.1;3099;0.485;47.6;0.252;56;0.228;0.891;2300;273;65.4;6.1;36.6;0.9;29.2;0.1;0.5;0;20.4;3
Mauritania;64.9;8.6;4.7;5135;0.484;40.8;0.234;24.6;0.449;0.864;2782;766;71;20.3;28.9;4.5;54.5;0.7;2.6;0.1;20.1;4
Benin;61.8;12.6;3.8;3254;0.418;43.7;0.269;32;0.358;0.855;2837;397;86.1;7.2;68.8;11.8;47.9;1.9;6.4;0.4;18.8;4
Uganda;63.4;11.4;6.2;2123;0.486;27.9;0.377;24.9;0.346;0.863;1591;375;118.8;34.9;67;44.3;24.4;7.7;22.8;0.9;16.7;4
Rwanda;69;11.2;4.4;2155;0.607;29.3;0.324;36.4;0.295;0.945;1876;248;39.1;55.7;83.9;12.6;17.3;1.8;7.2;0.4;20;4
Nigeria;54.7;10;6.7;4910;0.336;40.4;0.297;28.1;0.423;0.881;4107;917;107.3;4.1;47.9;201;51.2;33.4;107.7;5.5;18.1;4
CotedIvoire;57.8;10;5.3;5069;0.388;45.6;0.246;27;0.433;0.811;2561;617;117.6;13.3;48.2;25.7;51.2;4.1;14.3;0.7;18.9;4
TanzaniaUnitedRepublicof;65.5;8.1;6.1;2600;0.522;27;0.313;22.4;0.382;0.948;2222;524;118.4;36.9;79.6;58;34.5;9.5;31.1;1.5;18;4
Madagascar;67;10.2;6.1;1596;0.571;29.3;0.343;27.6;0.303;0.952;1273;335;109.6;16.9;83.4;27;37.9;4;15.3;0.8;19.6;4
Lesotho;54.3;11.3;6.5;3151;0.353;19.6;0.428;29.6;0.367;1.014;2471;544;92.7;23;60.2;2.1;28.6;0.3;1.3;0.1;24;4
Djibouti;67.1;6.8;4.1;5689;0.555;0;0;27.7;0.441;0;4151;248;18.8;26.2;50.7;1;77.9;0.1;0.6;0;26.6;4
Togo;61;12.7;4.9;1602;0.439;37.7;0.322;26.9;0.307;0.822;1220;396;89.1;16.5;76.3;8.1;42.2;1.2;4.5;0.2;19.4;4
Senegal;67.9;8.6;3.2;3309;0.581;46.4;0.185;25.9;0.392;0.87;2271;315;72.7;41.8;35;16.3;47.7;2.6;8.8;0.5;18.5;4
Afghanistan;64.8;10.2;3.9;2229;0.495;45.4;0.226;0;0;0.659;819;638;69;27.2;21.6;38;25.8;5.6;20.9;1;18.4;4
Haiti;64;9.7;5.6;1709;0.459;37.3;0.286;50.4;0.212;0.875;1410;480;51.7;2.7;61.9;11.3;56.2;1.3;7;0.6;24;4
Sudan;65.3;7.9;3.8;3829;0.506;42.5;0.198;33;0.369;0.86;1981;295;64;27.5;29.1;42.8;34.9;6.2;24.1;1.6;19.7;4
Gambia;62.1;9.9;3.9;2168;0.463;47.7;0.213;17.5;0.384;0.846;1145;597;78.2;10.3;51.2;2.3;61.9;0.4;1.3;0.1;17.8;4
Ethiopia;66.6;8.8;2.9;2207;0.538;43.5;0.193;13.4;0.405;0.837;1642;401;66.7;37.3;73.4;112.1;21.2;16.6;62.9;3.9;19.5;4
Malawi;64.3;11.2;4.7;1035;0.51;28.4;0.336;32.4;0.239;0.986;838;349;132.7;22.9;72.6;18.6;17.2;2.9;10;0.5;18.1;4
CongoDemocraticRepublicofthe;60.7;9.7;6.8;1063;0.4;26.8;0.363;27.6;0.258;0.845;907;473;124.2;12;60.7;86.8;45;15.5;44.2;2.6;17;4
GuineaBissau;58.3;10.6;3.6;1996;0.399;41.9;0.24;37.9;0.281;0;1647;667;104.8;13.7;65.8;1.9;43.8;0.3;1.1;0.1;18.8;4
Liberia;64.1;9.6;4.8;1258;0.476;42.9;0.243;22.7;0.296;0.89;1242;661;136;11.7;72.1;4.9;51.6;0.7;2.8;0.2;19.4;4
Guinea;61.6;9.4;2.8;2405;0.44;50.1;0.176;17.8;0.395;0.817;2266;576;135.3;22.8;62.7;12.8;36.5;2.1;6.8;0.4;18;4
Yemen;66.1;8.8;3.2;1594;0.534;46.1;0.189;21.8;0.327;0.488;186;164;60.4;1;5.8;29.2;37.3;4.1;16.9;0.8;20.2;4
Eritrea;66.3;5;3.9;2793;0.56;0;0;0;0;0;2275;480;52.6;22;71.5;3.5;40.7;0.5;1.9;0.2;19.2;4
Mozambique;60.9;10;3.5;1250;0.441;33.8;0.262;28.4;0.273;0.912;1131;289;148.6;41.2;77.3;30.4;36.5;5;16;0.9;17.6;4
BurkinaFaso;61.6;9.3;1.6;2133;0.435;39.2;0.19;17.3;0.382;0.867;1541;320;104.3;13.4;58.3;20.3;30;3.4;10.8;0.5;17.6;4
SierraLeone;54.7;10.2;3.7;1668;0.326;46.9;0.216;17.7;0.35;0.884;1470;1120;112.8;12.3;57.3;7.8;42.5;1.1;4.4;0.2;19.4;4
Mali;59.3;7.5;2.4;2269;0.383;43.9;0.16;16.6;0.393;0.821;1516;562;169.1;9.5;61.2;19.7;43.1;3.5;9.9;0.5;16.3;4
Burundi;61.6;11.1;3.3;754;0.457;39.5;0.252;20.9;0.241;0.999;866;548;55.6;38.8;80.4;11.5;13.4;2;6;0.3;17.3;4
SouthSudan;57.9;5.3;4.8;2003;0.372;39.6;0.185;32.3;0.307;0.842;1759;1150;62;26.6;71;11.1;19.9;1.7;6.1;0.4;19;4
Chad;54.2;7.3;2.5;1555;0.311;43;0.164;28.4;0.297;0.764;1244;1140;161.1;14.9;63.9;15.9;23.3;2.9;8.1;0.4;16.6;4
CentralAfricanRepublic;53.3;7.6;4.3;993;0.307;34.5;0.231;49.2;0.176;0.801;792;829;129.1;8.6;64.4;4.7;41.8;0.7;2.5;0.1;17.6;4
Niger;62.4;6.5;2.1;1201;0.451;35;0.162;16.4;0.314;0.724;536;509;186.5;17;60.6;23.3;16.5;4.6;11.1;0.6;15.2;4